View Factor
576	11	1    
0
3.17658e-06
0.000107496
0.000274898
0.000424339
0.000554484
0.000656525
0.000723882
0.000762485
0.000758789
0.000732999
0.000654068
0.000554862
0.000428661
0.000276256
0.000105146
3.2002e-06
0
0
0
0
0
0
0
0
0
0
0
0
0
0
0
0
0
0
0
0
5.72729e-06
0.00015851
0.000420714
0.000660516
0.000862778
0.00103924
0.00114691
0.00120279
0.00120782
0.00115106
0.00103122
0.000865459
0.000656383
0.000416226
0.00015779
5.64463e-06
0
0
0
0
0
0
0
0
0
0
0
0
0
0
0
0
0
0
0
0
7.27425e-06
0.000243085
0.000644562
0.00103731
0.00139041
0.00168913
0.00189042
0.00200208
0.00200374
0.00189038
0.0016819
0.00139147
0.00103734
0.000644834
0.000244845
7.82927e-06
0
0
0
0
0
0
0
0
0
0
0
0
0
0
0
0
0
0
0
0
1.1986e-05
0.000372864
0.00101941
0.00167572
0.00229795
0.002835
0.00324065
0.0034536
0.00345384
0.00324427
0.00283677
0.00229001
0.00167311
0.00101681
0.000373136
1.15727e-05
0
0
0
0
0
0
0
0
0
0
0
0
0
0
0
0
0
0
0
0
1.84454e-05
0.000573792
0.00159579
0.00271439
0.00383462
0.00487128
0.00566573
0.00610258
0.00610729
0.00566707
0.00485651
0.00382566
0.00271354
0.00159483
0.000573095
1.80675e-05
0
0
0
0
0
0
0
0
0
0
0
0
0
0
0
0
0
0
0
0
2.60031e-05
0.000840081
0.00243931
0.0042844
0.00625418
0.00819228
0.00979517
0.0106809
0.0106863
0.00977216
0.00819972
0.00625776
0.00426823
0.00243138
0.000839361
2.63573e-05
0
0
0
0
0
0
0
0
0
0
0
0
0
0
0
0
0
0
0
0
3.44582e-05
0.00113801
0.00338633
0.00616752
0.00935959
0.0126285
0.0154901
0.0171419
0.0171464
0.0154878
0.0126174
0.00934187
0.0061466
0.00337593
0.00113859
3.50132e-05
0
0
0
0
0
0
0
0
0
0
0
0
0
0
0
0
0
0
0
0
4.10594e-05
0.00134879
0.00407706
0.00760086
0.0117599
0.0162593
0.020276
0.0226388
0.0226335
0.0202415
0.0162856
0.0117695
0.00759118
0.00408368
0.00134771
4.10239e-05
0
0
0
0
0
0
0
0
0
0
0
0
0
0
0
0
0
0
0
0
4.07051e-05
0.0013468
0.00409494
0.00758751
0.0117895
0.0162474
0.0202701
0.0226554
0.022669
0.0202605
0.0162721
0.0117456
0.00758852
0.00408042
0.00134461
4.15317e-05
0
0
0
0
0
0
0
0
0
0
0
0
0
0
0
0
0
0
0
0
3.39386e-05
0.00113785
0.00338083
0.00616049
0.00935174
0.0126229
0.0154687
0.0171483
0.0171362
0.0154689
0.0126494
0.00934055
0.00616098
0.00338476
0.00114103
3.43992e-05
0
0
0
0
0
0
0
0
0
0
0
0
0
0
0
0
0
0
0
0
2.64872e-05
0.000842006
0.00243197
0.00427716
0.00625287
0.00821112
0.00978571
0.010688
0.0106981
0.00978357
0.00818125
0.00625219
0.00426455
0.00243023
0.000842656
2.56842e-05
0
0
0
0
0
0
0
0
0
0
0
0
0
0
0
0
0
0
0
0
1.76778e-05
0.000564841
0.00159535
0.00271221
0.00383497
0.00487172
0.00566312
0.00609507
0.0061163
0.00566567
0.00487786
0.00382052
0.00271054
0.00160132
0.00056823
1.80085e-05
0
0
0
0
0
0
0
0
0
0
0
0
0
0
0
0
0
0
0
0
1.23639e-05
0.000370845
0.00101844
0.00166892
0.00230111
0.00283584
0.00323457
0.00345509
0.0034469
0.00322915
0.00283823
0.00229483
0.00167452
0.00101834
0.000372522
1.21867e-05
0
0
0
0
0
0
0
0
0
0
0
0
0
0
0
0
0
0
0
0
8.20715e-06
0.000242861
0.000644031
0.00103816
0.00138883
0.00168818
0.00189266
0.00201563
0.00200487
0.00189693
0.00168303
0.00138728
0.00103689
0.000647078
0.000242518
8.57322e-06
0
0
0
0
0
0
0
0
0
0
0
0
0
0
0
0
0
0
0
0
5.36122e-06
0.000158569
0.000414018
0.000656985
0.000867738
0.00103566
0.00114888
0.00120742
0.00120918
0.00114827
0.00103868
0.000866947
0.000653041
0.000414195
0.00015975
5.69186e-06
0
0
0
0
0
0
0
0
0
0
0
0
0
0
0
0
0
0
0
0
3.70798e-06
0.000107992
0.000278547
0.000427209
0.000552855
0.000658863
0.000725831
0.000764741
0.00075827
0.000726976
0.000661047
0.00055883
0.000428401
0.000274178
0.0001055
3.35371e-06
0
0
0
0
0
0
0
0
0
0
0
0
0
0
0
0
0
0
0
