View Factor
144	11	1    
8.90387e-06
0.000961618
0.00250212
0.00356656
0.00393189
0.00356934
0.00250536
0.000955418
8.84483e-06
0
0
0
0
0
0
0
0
0
1.92602e-05
0.00227992
0.0064014
0.0096552
0.0109133
0.00965332
0.00639193
0.00227963
1.94019e-05
0
0
0
0
0
0
0
0
0
4.44485e-05
0.00544897
0.0170876
0.0285245
0.0335771
0.0284955
0.0170652
0.00543867
4.44249e-05
0
0
0
0
0
0
0
0
0
7.55176e-05
0.00995019
0.0348879
0.0646538
0.0795606
0.0646323
0.0348491
0.0099459
7.60372e-05
0
0
0
0
0
0
0
0
0
7.46437e-05
0.00996042
0.0348892
0.064609
0.0796089
0.064651
0.0348357
0.00995082
7.59309e-05
0
0
0
0
0
0
0
0
0
4.41651e-05
0.00543417
0.0170772
0.0285317
0.0335975
0.0285084
0.0170478
0.00544243
4.36927e-05
0
0
0
0
0
0
0
0
0
2.0571e-05
0.00227618
0.00639702
0.00965125
0.0109225
0.00964734
0.00639351
0.00228045
2.076e-05
0
0
0
0
0
0
0
0
0
9.06919e-06
0.000959126
0.00250479
0.00356924
0.00393961
0.00357497
0.00250722
0.000953623
9.04558e-06
0
0
0
0
0
0
0
0
0
