Timer
12	11	100  
1.05088
417.57
19.3608
0.95616
124.63
5.5703
15167.7
99.3247
0.39424
386.128
0.408832
1.83347
0.706816
438.836
16.4278
1.01171
134.819
5.58822
15534.7
161.304
0.397312
407.895
0.25344
1.0048
0.459776
480.712
18.7676
0.901632
137.862
8.57062
15231.5
159.136
0.39936
412.604
0.218624
1.07341
0.58112
449.902
14.988
1.03501
152.17
5.69216
15058.9
173.402
0.370176
401.485
0.22272
1.49632
0.561152
489.114
15.6931
0.932864
150.885
9.39418
16101.3
159.796
0.377088
414.547
0.246016
1.20038
0.492032
481.614
14.9952
1.12589
142.807
5.8647
15741.5
162.795
0.3776
422.716
0.230912
0.93952
0.53376
485.439
16.5046
0.94464
155.426
6.37082
15143.2
157.976
0.380416
407.577
0.221952
1.02861
0.534784
475.861
15.007
1.00019
142.758
5.71597
15018.5
174.608
0.432896
403.354
0.2752
0.96
0.562688
472.069
14.314
0.965888
144.367
5.29766
14858.4
157.358
0.405248
417.998
0.2368
1.11923
0.513024
467.316
14.8585
1.09491
137.989
5.2864
14852.2
166.375
0.398336
411.315
0.224256
1.13178
0.53504
448.02
15.0024
1.04243
146.537
5.6512
15307.9
163.977
0.3968
398.39
0.2368
1.2841
0.45824
457.87
14.8867
1.64378
144.958
5.62406
14620.3
156.265
0.388608
411.226
0.223488
0.90624
0.541952
462.772
15.0336
1.23827
132.353
5.47507
16237.7
167.481
0.595712
429.044
0.225024
1.152
0.570112
485.063
15.0264
0.968704
189.385
8.14899
14768
157.324
0.388352
419.984
0.21888
1.04832
0.500736
465.436
15.3605
1.02938
152.666
5.21344
14772.3
159.133
0.425472
422.984
0.228352
1.23008
0.6272
471.29
14.7476
0.982784
143.977
5.57107
14683.2
157.293
0.412672
412.23
0.230912
1.12845
0.451328
467.602
14.0334
0.954112
140.685
5.70496
14714.7
156.81
0.366592
413.959
0.22528
0.904448
0.7424
456.796
18.0664
0.934912
140.148
5.78176
14793.3
169.077
0.41728
411.341
0.233216
0.893696
0.727552
456.367
15.2284
1.92102
135.187
5.6919
14987.9
212.655
0.490752
407.034
0.232448
1.06624
0.463616
460.812
14.294
1.72518
144.34
5.7495
14878.4
217.447
0.444672
426.282
0.235008
0.999168
0.578048
461.234
13.7393
1.06598
141.473
5.50528
14800.6
269.917
0.592128
474.916
0.28928
0.96128
0.572672
461.543
15.8804
1.00326
137.632
5.62842
15429.9
223.82
0.41344
401.945
0.250112
1.01965
0.61056
465.029
15.7486
1.06803
147.079
5.30688
14980.4
214.305
0.422656
415.61
0.23168
0.91392
0.620288
464.099
15.4168
1.5383
136.371
5.13869
14847.7
224.365
0.437248
424.96
0.230144
0.980992
0.536064
481.318
16.4362
0.916224
134.156
5.74541
15599.1
242.774
0.513024
503.341
0.64
1.31942
0.570112
488.062
24.8553
1.13459
146.055
5.55674
15665.6
216.99
0.416256
419.479
0.242432
1.09619
0.55936
480.104
15.4035
1.06829
137.505
5.52576
16273.8
225.388
0.423424
419.953
0.234752
0.994048
0.551424
474.174
15.0531
1.0199
141.355
5.76435
15811.3
214.405
0.418816
411.794
0.239872
1.05498
0.977152
471.182
15.6841
0.935168
138.581
5.94509
16071.6
223.426
0.423168
420.6
0.233472
1.21293
0.557824
489.471
15.1908
1.04525
141.926
5.56262
15877.6
214.193
0.704
406.442
0.24704
1.03322
0.513024
480.116
15.8362
1.82221
144.064
6.05645
15922.3
225
0.414208
410.428
0.248064
1.44179
0.569344
471.378
14.6583
1.16634
140.904
5.47686
15900.6
224.221
0.461312
434.193
0.27264
1.2695
0.643072
472.237
14.0311
0.965376
140.124
5.78509
15862.9
221.23
0.425472
432.031
0.286464
1.04422
0.636416
483.21
16.0607
1.00173
139.531
5.66426
15946.5
215.757
0.561152
427.004
0.275456
0.96
0.478464
470.196
15.1524
0.937984
138.7
5.90208
15976
218.071
0.43008
409.658
0.248832
1.01171
0.523264
477.764
15.4644
1.18912
143.914
6.18086
16039.3
216.717
0.412928
414.232
0.244992
1.05933
0.4672
481.118
15.7181
0.993024
142.364
5.56237
16056.7
215.929
0.437504
418.193
0.2752
1.16531
0.762112
474.299
16.0115
0.960256
136.446
5.49734
16030.9
223.152
0.456192
422.66
0.258816
1.16634
0.634112
475.048
14.3171
1.12461
149.015
6.04032
15933.4
223.57
0.748032
426.269
0.269312
1.05754
0.822528
462.789
15.2223
1.87853
142.928
6.57203
16070.9
216.833
0.4096
430.9
0.315136
1.42746
0.422656
476.29
15.1762
0.94208
142.162
5.86266
15973.5
228.289
0.42496
414.528
0.251136
1.04525
0.50304
518.965
16.1042
1.19194
184.382
6.36954
16224.2
221.999
0.442112
416.612
0.280832
1.30637
0.45824
466.767
15.4755
1.03475
145.004
5.84883
16198.4
226.78
0.392448
423.766
0.315136
1.61101
0.42368
478.455
13.6543
1.06573
144.87
6.09101
15951.6
223.551
0.3968
425.299
0.357376
1.27795
0.384256
475.886
13.9272
0.982272
137.952
6.13606
15999.6
217.675
0.413696
425.762
0.256768
1.27053
0.595712
479.15
14.7999
1.03194
145.539
5.67706
16095.1
216.979
0.406528
445.919
0.259328
1.23571
0.511488
474.931
15.4627
1.02528
146.828
5.16915
16032.7
222.339
0.434944
420.979
0.237568
1.17555
0.490496
517.122
13.0601
0.920832
139.947
5.59181
16049.1
216.75
0.437248
434.221
0.254976
1.26234
0.431104
472.414
13.9141
1.01325
142.991
5.83808
15987.6
216.306
0.398848
417.95
0.252928
1.12256
0.467456
480.352
16.1116
0.972288
142.39
6.00627
15983.3
215.613
0.378624
425.451
0.278016
1.44461
0.412928
488.798
14.7973
0.96384
143.742
5.89747
16002.8
208.125
0.426496
422.356
0.334848
1.39827
0.481024
478.581
13.887
1.13664
144.791
6.42278
15957.4
216.832
0.752128
426.578
0.382976
1.18579
0.523776
493.021
14.3685
0.928768
141.587
5.6791
15898.9
215.917
0.431616
420.709
0.234752
1.64813
0.415488
475.38
15.8871
0.988416
143.795
6.44736
15986.3
212.196
0.42368
423.426
0.25216
1.23085
0.515584
487.648
14.1612
1.45715
140.567
5.74131
15976.8
218.734
0.40448
416.726
0.268032
1.13741
0.558336
467.085
14.8895
1.07366
141.497
5.80352
15919.5
219.337
0.402944
418.119
0.225792
1.29741
0.449024
473.707
13.5713
0.998144
175.695
7.54816
16126.6
222.932
0.399872
423.851
0.242176
1.44512
0.65152
465.416
13.8972
0.975104
137.249
5.70803
15874.8
226.814
0.423936
430.576
0.345344
2.90048
0.423424
479.42
15.3413
1.63046
139.648
5.98605
15844.7
212.368
0.442112
426.807
0.268288
1.26362
0.809472
476.863
15.2415
1.02323
150.947
6.10611
15977.4
219.488
0.398592
420.355
0.29568
1.74413
0.562176
468.818
15.3037
1.02374
145.44
6.0631
16082
231.945
0.445952
421.741
0.233216
1.32762
0.579328
473.334
14.6806
1.60998
139.844
6.14298
16115.4
210.385
0.393216
423.863
0.224
1.47046
0.632064
480.817
15.4452
1.05907
150.335
6.1417
16001
245.58
0.502528
426.626
0.238592
1.43872
0.649472
475.369
14.6778
1.73722
134.474
5.79456
16019.7
221.252
0.470784
413.537
0.24704
1.21907
0.600064
495.363
15.5256
1.06701
143.392
5.54138
16307.7
230.669
0.404992
424.808
0.23936
1.44461
0.698624
477.34
15.1667
1.93894
141.284
5.88595
15897
217.057
0.42752
408.292
0.258816
1.44026
0.669696
476.933
14.8966
1.88416
142.422
6.01523
15879.8
215.537
0.433408
432.726
0.276736
1.39725
0.482304
484.349
12.8248
0.933632
148.4
5.6169
15917.6
221.059
0.390656
419.224
0.251136
1.27616
0.3968
465.945
15.2005
1.06547
146.519
5.84064
16112.1
232.652
0.450816
425.564
0.509952
1.18656
0.887808
482.691
15.2922
0.97536
140.577
5.15482
15944.2
224.295
0.427008
420.815
0.242688
1.28563
0.902144
469.147
15.3969
1.43718
140.294
6.18522
16038.9
210.869
0.428544
427.903
0.245248
1.39162
0.664832
470.342
14.3506
1.17632
145.113
6.20134
15922.2
222.631
0.489728
420.705
0.2368
0.995584
0.510976
482.765
14.4522
1.03731
153.153
5.10285
15896.8
215.965
0.449792
429.388
0.24704
1.34426
0.766464
479.471
15.9956
1.06726
140.843
6.98061
15823.2
221.533
0.454144
420.917
0.254208
1.25389
0.452608
475.239
15.3999
1.04294
150.403
5.69395
16043.1
222.669
0.52864
420.866
0.26624
1.20525
0.548608
472.287
14.7123
1.20192
139.448
5.85011
15886.6
213.704
0.406272
426.65
0.267008
1.46458
0.602624
486.758
15.0858
1.04397
138.445
6.16499
16314.4
218.759
0.443648
430.491
0.259328
1.36474
0.926208
488.068
14.7244
0.993792
153.8
5.86112
16035.6
219.029
0.422912
413.051
0.54016
1.0647
0.458752
489.276
14.4174
1.03117
145.118
5.89747
16246
220.85
0.435968
420.034
0.234496
1.20653
0.628736
490.294
14.5984
0.941312
144.398
5.65658
15882.7
219.007
0.39552
424.05
0.243456
1.38573
0.515328
483.133
14.6309
1.35654
148.045
6.01165
15915.7
220.028
0.4224
428.642
0.263936
1.49555
0.528128
485.936
15.8438
1.07853
146.694
5.94586
15850.6
216.869
0.432896
437.064
0.273152
1.36064
0.577024
486.983
15.1626
1.34118
147.844
5.89005
16054.4
218.951
0.41216
447.195
0.26112
1.17171
0.504576
475.058
15.5702
1.15917
139.081
5.85677
15918.2
214.137
0.421376
432.089
0.229632
1.42643
0.832512
484.424
14.9804
1.06342
159.097
5.45203
16032.8
217.962
0.405504
422.414
0.278784
2.8393
0.402176
483.28
15.5469
0.994304
140.054
5.63661
16013.8
220.136
0.473088
438.822
0.240896
1.53165
0.46592
496.177
16.299
1.34349
139.514
5.94458
15964.7
223.099
0.45696
418.746
0.250368
1.24826
0.597504
484.62
15.3508
1.02349
142.136
5.65299
16136
229.329
0.40064
453.174
0.2816
1.46637
0.466688
484.467
15.404
1.01069
143.374
5.82579
16020.1
229.494
0.433664
423.516
0.332032
1.49402
0.548352
476.294
14.1545
0.950784
145.511
5.11872
15947
217.077
0.409088
411.608
0.245504
1.16582
0.510464
469.516
14.0721
1.1497
148.165
5.75002
15973.8
223.174
0.412416
417.976
0.261888
1.33094
0.60032
476.833
15.5305
1.0135
144.026
6.18675
15888.3
217
0.438272
420.368
0.256768
1.29203
0.47104
478.227
14.3565
1.01658
142.96
5.75744
15988.7
218.359
0.447232
425.788
0.25216
1.37779
0.447488
485.796
15.3375
0.990976
144.018
5.52294
16003
226.718
0.464384
414.879
0.2688
1.15686
0.439552
488.089
15.0249
1.07366
147.036
6.40589
16079.1
218.608
0.670976
425.057
0.248576
1.13203
0.53376
478.804
15.3354
2.19187
146.543
6.18906
16051.6
221.864
0.370432
411.607
0.256
1.24544
0.515072
470.877
13.9965
0.984832
141.772
5.57824
16078.3
219.506
0.443904
427.536
0.256768
1.51168
0.623104
475.6
15.4207
1.05958
148.492
5.6087
16086.5
228.115
0.44288
424.33
0.262656
1.25824
0.553984
474.767
15.1508
1.00813
138.716
5.71392
16015.2
216.142
0.382976
425.432
0.268288
1.70701
0
0
0
0
0
0
0
0
0
0
0
0
